010010001
010101001
010101001
010100001
001011111
001100011
001011101
001100011
001000010
011001010
011000010
011000010
010000010
100111110
100101111
000010101
010100111
011001011
011100101
011101101
011001011
011100101
001110101
001000001
010000011
011001001
011101011
011010011
000010101
000010101
010010011
001000001
010100101
010011111
101000010
101001111
110101010
010000111
111111111
111110100
100010101
010010101
010010101
000010010
111111001
100011001
011110100
110001100
100000100
110010100
110000100
110000100
100000101
001111110
100101111
000010101
010100111
011001011
101110010
101111011
010110010
110111100
101001111
010100100
000101000
011011001
001011101
011011010
011000010
101000010
101010010
011001000
001010100
101010011
111101000
010101001
111101010
100100001
111111111
111111101
001001001